(4.0000, 4.0000)	(3.3270, 1.6635)	(3.2233, 1.3036)	(2.4386, 1.2193)	(2.3261, 1.2072)	
(2.3375, 1.1687)	(2.3362, 1.1730)	(2.2948, 1.1474)	(2.1572, 1.0623)	(2.1210, 1.0605)	
(2.1170, 1.0603)	(2.1174, 1.0587)	(2.1173, 1.0588)	(2.1146, 1.0573)	(2.0874, 1.0423)	
(2.0833, 1.0417)	(2.0812, 1.0414)	(2.0817, 1.0408)	(2.0816, 1.0409)	(2.0808, 1.0404)	
(2.0752, 1.0365)	(2.0723, 1.0362)	(2.0710, 1.0360)	(2.0713, 1.0356)	(2.0712, 1.0357)	
(2.0707, 1.0353)	(2.0658, 1.0321)	(2.0637, 1.0318)	(2.0628, 1.0317)	(2.0630, 1.0315)	
(2.0629, 1.0315)	(2.0626, 1.0313)	(2.0588, 1.0288)	(2.0573, 1.0286)	(2.0566, 1.0286)	
(2.0568, 1.0284)	(2.0567, 1.0284)	(2.0565, 1.0282)	(2.0538, 1.0264)	(2.0526, 1.0263)	
(2.0521, 1.0262)	(2.0522, 1.0261)	(2.0522, 1.0261)	(2.0519, 1.0260)	(2.0498, 1.0246)	
(2.0489, 1.0245)	(2.0485, 1.0244)	(2.0486, 1.0243)	(2.0486, 1.0243)	(2.0484, 1.0242)	
(2.0467, 1.0231)	(2.0459, 1.0230)	(2.0456, 1.0229)	(2.0457, 1.0228)	(2.0456, 1.0228)	
(2.0455, 1.0228)	(2.0441, 1.0218)	(2.0435, 1.0217)	(2.0432, 1.0217)	(2.0432, 1.0216)